                TIME    LAT      LON   WDIR    WSPD     GST    WVHT    DPD    APD    MWD    PRES   ATMP
             ISO8601                  deg T      kt      kt       m    sec    sec  deg T    mbar      C
 "2014-08-08T00:00Z"  20.06  -154.77                            3.4   10.7    7.3     97               
 "2014-08-08T00:30Z"  20.06  -154.76                            3.6    9.1    6.9     97               
 "2014-08-08T00:00Z"  20.06  -154.77     47    14.4    22.4                               1012.3   24.0
 "2014-08-08T00:10Z"  20.06  -154.76     55    18.7    26.3                               1009.6   23.7
 "2014-08-08T00:20Z"  20.06  -154.76     43    18.6    30.2                               1007.8   23.6
 "2014-08-08T00:30Z"  20.06  -154.76     48    20.0    28.5                               1007.3   23.5
 "2014-08-08T00:40Z"  20.06  -154.76     38    18.2    31.3                               1009.1   23.7
 "2014-08-08T00:50Z"  20.06  -154.75     41    15.2    23.2                               1012.4   24.1
 "2014-08-08T01:00Z"  20.06  -154.75                            3.9   10.7    6.5    105               
 "2014-08-08T01:00Z"  20.06  -154.75     46    19.2    31.3                               1014.5   24.2
 "2014-08-08T01:10Z"  20.06  -154.75     54    19.6    31.0                               1014.4   24.2
 "2014-08-08T01:20Z"  20.06  -154.74     57    20.9    36.1                               1014.4   24.2
 "2014-08-08T01:30Z"  20.05  -154.74                            3.8    9.8    7.0     95               
 "2014-08-08T01:30Z"  20.06  -154.74     53    18.1    30.8                               1014.0   24.3
 "2014-08-08T01:40Z"  20.05  -154.74     55    20.0    31.0                               1012.6   24.2
 "2014-08-08T02:00Z"  20.05  -154.73                            3.5   10.7    7.3     86               
 "2014-08-08T01:50Z"  20.05  -154.74     60    18.1    31.6                               1012.0   24.0
 "2014-08-08T02:00Z"  20.05  -154.73     55    17.5    29.3                               1012.3   23.8
 "2014-08-08T02:10Z"  20.05  -154.73     48    19.8    30.6                               1009.3   23.5
 "2014-08-08T02:20Z"  20.05  -154.73     74    20.8    41.6                               1007.0   23.2
 "2014-08-08T02:30Z"  20.05  -154.73                            4.9   11.6    7.3     99               
 "2014-08-08T02:30Z"  20.05  -154.73     84    28.7    46.2                               1005.2   22.7
 "2014-08-08T02:40Z"  20.05  -154.72     78    20.0    32.7                               1009.0   23.3
 "2014-08-08T02:50Z"  20.05  -154.72     72    19.4    28.2                               1010.6   22.7
 "2014-08-08T03:00Z"  20.05  -154.72                            5.6   11.6    8.4    100               
 "2014-08-08T03:00Z"  20.05  -154.72     74    19.5    27.4                               1008.5   22.8
 "2014-08-08T03:10Z"  20.05  -154.72     74    20.3    32.8                               1006.3   22.8
 "2014-08-08T03:20Z"  20.05  -154.71     74    16.3    31.4                               1006.6   23.1
 "2014-08-08T03:30Z"  20.05  -154.71                            5.3   12.8    8.8    107               
 "2014-08-08T03:30Z"  20.05  -154.71     73    20.5    30.9                               1011.6   23.8
